AL191969,            UNNAMED,      8,
date, time, special, type, lat, lon, wind, pressure, size351, size352, size353, size354, size501, size502, size503, size504, size641, size642, size643, size644,
19690919, 0000,  , TD, 25.0N,  85.0W,  25, -999, -999, -999, -999, -999, -999, -999, -999, -999, -999, -999, -999, -999,
19690919, 0600,  , TD, 25.2N,  85.1W,  25, -999, -999, -999, -999, -999, -999, -999, -999, -999, -999, -999, -999, -999,
19690919, 1200,  , TD, 25.9N,  85.4W,  25, -999, -999, -999, -999, -999, -999, -999, -999, -999, -999, -999, -999, -999,
19690919, 1800,  , TD, 26.4N,  85.8W,  25, -999, -999, -999, -999, -999, -999, -999, -999, -999, -999, -999, -999, -999,
19690920, 0000,  , TD, 27.0N,  86.2W,  25, -999, -999, -999, -999, -999, -999, -999, -999, -999, -999, -999, -999, -999,
19690920, 0600,  , TD, 27.5N,  86.2W,  25, -999, -999, -999, -999, -999, -999, -999, -999, -999, -999, -999, -999, -999,
19690920, 1200,  , TD, 28.3N,  86.5W,  25, -999, -999, -999, -999, -999, -999, -999, -999, -999, -999, -999, -999, -999,
19690920, 1800,  , TD, 29.2N,  86.5W,  25, -999, -999, -999, -999, -999, -999, -999, -999, -999, -999, -999, -999, -999,
