AL251969,               KARA,     48,
date, time, special, type, lat, lon, wind, pressure, size351, size352, size353, size354, size501, size502, size503, size504, size641, size642, size643, size644,
19691007, 1200,  , TD, 20.5N,  68.0W,  25, -999, -999, -999, -999, -999, -999, -999, -999, -999, -999, -999, -999, -999,
19691007, 1800,  , TD, 20.7N,  69.2W,  25, -999, -999, -999, -999, -999, -999, -999, -999, -999, -999, -999, -999, -999,
19691008, 0000,  , TD, 20.9N,  70.0W,  25, -999, -999, -999, -999, -999, -999, -999, -999, -999, -999, -999, -999, -999,
19691008, 0600,  , TD, 21.1N,  70.8W,  25, -999, -999, -999, -999, -999, -999, -999, -999, -999, -999, -999, -999, -999,
19691008, 1200,  , TD, 21.3N,  72.0W,  30, -999, -999, -999, -999, -999, -999, -999, -999, -999, -999, -999, -999, -999,
19691008, 1800,  , TD, 22.5N,  73.2W,  30, -999, -999, -999, -999, -999, -999, -999, -999, -999, -999, -999, -999, -999,
19691009, 0000,  , TD, 23.5N,  73.6W,  30, -999, -999, -999, -999, -999, -999, -999, -999, -999, -999, -999, -999, -999,
19691009, 0600,  , TD, 24.7N,  73.7W,  30, -999, -999, -999, -999, -999, -999, -999, -999, -999, -999, -999, -999, -999,
19691009, 1200,  , TD, 25.7N,  73.6W,  30, 1006, -999, -999, -999, -999, -999, -999, -999, -999, -999, -999, -999, -999,
19691009, 1800,  , TS, 27.2N,  73.3W,  35, -999, -999, -999, -999, -999, -999, -999, -999, -999, -999, -999, -999, -999,
19691010, 0000,  , TS, 27.9N,  72.8W,  40, -999, -999, -999, -999, -999, -999, -999, -999, -999, -999, -999, -999, -999,
19691010, 0600,  , TS, 28.4N,  72.4W,  45, -999, -999, -999, -999, -999, -999, -999, -999, -999, -999, -999, -999, -999,
19691010, 1200,  , TS, 28.7N,  72.1W,  40, 1001, -999, -999, -999, -999, -999, -999, -999, -999, -999, -999, -999, -999,
19691010, 1800,  , TS, 29.5N,  71.3W,  40, -999, -999, -999, -999, -999, -999, -999, -999, -999, -999, -999, -999, -999,
19691011, 0000,  , TS, 29.9N,  70.5W,  35,  999, -999, -999, -999, -999, -999, -999, -999, -999, -999, -999, -999, -999,
19691011, 0600,  , TS, 30.7N,  69.8W,  35, -999, -999, -999, -999, -999, -999, -999, -999, -999, -999, -999, -999, -999,
19691011, 1200,  , TS, 32.4N,  69.8W,  35, -999, -999, -999, -999, -999, -999, -999, -999, -999, -999, -999, -999, -999,
19691011, 1800,  , TS, 34.0N,  70.2W,  35, 1001, -999, -999, -999, -999, -999, -999, -999, -999, -999, -999, -999, -999,
19691012, 0000,  , TS, 34.5N,  70.6W,  40, -999, -999, -999, -999, -999, -999, -999, -999, -999, -999, -999, -999, -999,
19691012, 0600,  , TS, 34.8N,  70.7W,  45,  997, -999, -999, -999, -999, -999, -999, -999, -999, -999, -999, -999, -999,
19691012, 1200,  , TS, 34.9N,  71.9W,  50, -999, -999, -999, -999, -999, -999, -999, -999, -999, -999, -999, -999, -999,
19691012, 1800,  , TS, 34.2N,  71.4W,  55, -999, -999, -999, -999, -999, -999, -999, -999, -999, -999, -999, -999, -999,
19691013, 0000,  , TS, 33.6N,  71.5W,  55, -999, -999, -999, -999, -999, -999, -999, -999, -999, -999, -999, -999, -999,
19691013, 0600,  , TS, 33.3N,  71.4W,  55, -999, -999, -999, -999, -999, -999, -999, -999, -999, -999, -999, -999, -999,
19691013, 1200,  , TS, 32.7N,  72.8W,  55, -999, -999, -999, -999, -999, -999, -999, -999, -999, -999, -999, -999, -999,
19691013, 1800,  , TS, 31.9N,  73.8W,  60, -999, -999, -999, -999, -999, -999, -999, -999, -999, -999, -999, -999, -999,
19691014, 0000,  , TS, 31.0N,  74.7W,  60, -999, -999, -999, -999, -999, -999, -999, -999, -999, -999, -999, -999, -999,
19691014, 0600,  , TS, 31.4N,  75.0W,  60, -999, -999, -999, -999, -999, -999, -999, -999, -999, -999, -999, -999, -999,
19691014, 1200,  , TS, 32.0N,  75.7W,  60,  990, -999, -999, -999, -999, -999, -999, -999, -999, -999, -999, -999, -999,
19691014, 1800,  , TS, 31.3N,  76.3W,  60, -999, -999, -999, -999, -999, -999, -999, -999, -999, -999, -999, -999, -999,
19691015, 0000,  , TS, 31.4N,  75.4W,  60,  988, -999, -999, -999, -999, -999, -999, -999, -999, -999, -999, -999, -999,
19691015, 0600,  , HU, 32.2N,  74.5W,  65, -999, -999, -999, -999, -999, -999, -999, -999, -999, -999, -999, -999, -999,
19691015, 1200,  , HU, 32.7N,  73.5W,  65,  984, -999, -999, -999, -999, -999, -999, -999, -999, -999, -999, -999, -999,
19691015, 1800,  , HU, 33.3N,  72.4W,  65, -999, -999, -999, -999, -999, -999, -999, -999, -999, -999, -999, -999, -999,
19691016, 0000,  , HU, 33.7N,  71.2W,  65, -999, -999, -999, -999, -999, -999, -999, -999, -999, -999, -999, -999, -999,
19691016, 0600,  , HU, 34.3N,  70.0W,  65, -999, -999, -999, -999, -999, -999, -999, -999, -999, -999, -999, -999, -999,
19691016, 1200,  , HU, 34.8N,  68.8W,  70,  994, -999, -999, -999, -999, -999, -999, -999, -999, -999, -999, -999, -999,
19691016, 1800,  , HU, 35.7N,  67.2W,  75,  990, -999, -999, -999, -999, -999, -999, -999, -999, -999, -999, -999, -999,
19691017, 0000,  , HU, 36.9N,  64.8W,  75, -999, -999, -999, -999, -999, -999, -999, -999, -999, -999, -999, -999, -999,
19691017, 0600,  , HU, 38.2N,  62.7W,  75, -999, -999, -999, -999, -999, -999, -999, -999, -999, -999, -999, -999, -999,
19691017, 1200,  , HU, 39.6N,  60.2W,  80,  985, -999, -999, -999, -999, -999, -999, -999, -999, -999, -999, -999, -999,
19691017, 1800,  , HU, 41.1N,  56.3W,  85,  978, -999, -999, -999, -999, -999, -999, -999, -999, -999, -999, -999, -999,
19691018, 0000,  , HU, 43.3N,  50.8W,  90, -999, -999, -999, -999, -999, -999, -999, -999, -999, -999, -999, -999, -999,
19691018, 0600,  , HU, 45.2N,  45.3W,  80,  980, -999, -999, -999, -999, -999, -999, -999, -999, -999, -999, -999, -999,
19691018, 1200,  , HU, 46.1N,  40.0W,  65, -999, -999, -999, -999, -999, -999, -999, -999, -999, -999, -999, -999, -999,
19691018, 1800,  , TS, 46.2N,  35.1W,  60, -999, -999, -999, -999, -999, -999, -999, -999, -999, -999, -999, -999, -999,
19691019, 0000,  , EX, 46.0N,  30.3W,  55, -999, -999, -999, -999, -999, -999, -999, -999, -999, -999, -999, -999, -999,
19691019, 0600,  , EX, 45.8N,  28.0W,  45, -999, -999, -999, -999, -999, -999, -999, -999, -999, -999, -999, -999, -999,
