AL261969,             LAURIE,     42,
date, time, special, type, lat, lon, wind, pressure, size351, size352, size353, size354, size501, size502, size503, size504, size641, size642, size643, size644,
19691017, 0000,  , TD, 17.3N,  85.1W,  25, 1007, -999, -999, -999, -999, -999, -999, -999, -999, -999, -999, -999, -999,
19691017, 0600,  , TD, 17.6N,  85.4W,  25, -999, -999, -999, -999, -999, -999, -999, -999, -999, -999, -999, -999, -999,
19691017, 1200,  , TD, 17.9N,  85.7W,  25, -999, -999, -999, -999, -999, -999, -999, -999, -999, -999, -999, -999, -999,
19691017, 1800,  , TD, 18.1N,  85.9W,  25, -999, -999, -999, -999, -999, -999, -999, -999, -999, -999, -999, -999, -999,
19691018, 0000,  , TD, 18.3N,  86.1W,  25, -999, -999, -999, -999, -999, -999, -999, -999, -999, -999, -999, -999, -999,
19691018, 0600,  , TD, 18.7N,  86.5W,  25, -999, -999, -999, -999, -999, -999, -999, -999, -999, -999, -999, -999, -999,
19691018, 1200,  , TD, 19.1N,  86.9W,  25, -999, -999, -999, -999, -999, -999, -999, -999, -999, -999, -999, -999, -999,
19691018, 1800,  , TD, 19.7N,  87.6W,  30, -999, -999, -999, -999, -999, -999, -999, -999, -999, -999, -999, -999, -999,
19691019, 0000,  , TD, 20.4N,  88.3W,  30, 1005, -999, -999, -999, -999, -999, -999, -999, -999, -999, -999, -999, -999,
19691019, 0600,  , TD, 21.0N,  89.0W,  30, -999, -999, -999, -999, -999, -999, -999, -999, -999, -999, -999, -999, -999,
19691019, 1200,  , TS, 21.5N,  89.5W,  45, 1000, -999, -999, -999, -999, -999, -999, -999, -999, -999, -999, -999, -999,
19691019, 1800,  , TS, 22.4N,  90.2W,  45, -999, -999, -999, -999, -999, -999, -999, -999, -999, -999, -999, -999, -999,
19691020, 0000,  , TS, 23.3N,  90.8W,  50, -999, -999, -999, -999, -999, -999, -999, -999, -999, -999, -999, -999, -999,
19691020, 0600,  , TS, 23.8N,  90.9W,  55, -999, -999, -999, -999, -999, -999, -999, -999, -999, -999, -999, -999, -999,
19691020, 1200,  , HU, 24.3N,  91.0W,  65,  993, -999, -999, -999, -999, -999, -999, -999, -999, -999, -999, -999, -999,
19691020, 1800,  , HU, 24.9N,  91.1W,  70, -999, -999, -999, -999, -999, -999, -999, -999, -999, -999, -999, -999, -999,
19691021, 0000,  , HU, 25.8N,  91.0W,  70,  973, -999, -999, -999, -999, -999, -999, -999, -999, -999, -999, -999, -999,
19691021, 0600,  , HU, 26.2N,  90.4W,  75, -999, -999, -999, -999, -999, -999, -999, -999, -999, -999, -999, -999, -999,
19691021, 1200,  , HU, 26.3N,  89.6W,  90,  973, -999, -999, -999, -999, -999, -999, -999, -999, -999, -999, -999, -999,
19691021, 1800,  , HU, 26.3N,  88.9W,  90, -999, -999, -999, -999, -999, -999, -999, -999, -999, -999, -999, -999, -999,
19691022, 0000,  , HU, 26.2N,  88.3W,  85,  980, -999, -999, -999, -999, -999, -999, -999, -999, -999, -999, -999, -999,
19691022, 0600,  , HU, 26.0N,  87.5W,  80, -999, -999, -999, -999, -999, -999, -999, -999, -999, -999, -999, -999, -999,
19691022, 1200,  , HU, 25.4N,  86.8W,  75,  987, -999, -999, -999, -999, -999, -999, -999, -999, -999, -999, -999, -999,
19691022, 1800,  , HU, 25.1N,  86.5W,  70, -999, -999, -999, -999, -999, -999, -999, -999, -999, -999, -999, -999, -999,
19691023, 0000,  , HU, 24.7N,  86.2W,  65,  992, -999, -999, -999, -999, -999, -999, -999, -999, -999, -999, -999, -999,
19691023, 0600,  , TS, 24.4N,  86.1W,  60, -999, -999, -999, -999, -999, -999, -999, -999, -999, -999, -999, -999, -999,
19691023, 1200,  , TS, 24.1N,  86.2W,  45, -999, -999, -999, -999, -999, -999, -999, -999, -999, -999, -999, -999, -999,
19691023, 1800,  , TS, 23.8N,  86.8W,  40, -999, -999, -999, -999, -999, -999, -999, -999, -999, -999, -999, -999, -999,
19691024, 0000,  , TS, 23.6N,  87.5W,  35, -999, -999, -999, -999, -999, -999, -999, -999, -999, -999, -999, -999, -999,
19691024, 0600,  , TS, 23.5N,  88.0W,  35, -999, -999, -999, -999, -999, -999, -999, -999, -999, -999, -999, -999, -999,
19691024, 1200,  , TS, 23.4N,  88.6W,  35, 1001, -999, -999, -999, -999, -999, -999, -999, -999, -999, -999, -999, -999,
19691024, 1800,  , TD, 23.2N,  89.5W,  30, -999, -999, -999, -999, -999, -999, -999, -999, -999, -999, -999, -999, -999,
19691025, 0000,  , TD, 23.1N,  90.4W,  30, -999, -999, -999, -999, -999, -999, -999, -999, -999, -999, -999, -999, -999,
19691025, 0600,  , TD, 22.9N,  91.1W,  30, -999, -999, -999, -999, -999, -999, -999, -999, -999, -999, -999, -999, -999,
19691025, 1200,  , TD, 22.4N,  91.7W,  25, 1007, -999, -999, -999, -999, -999, -999, -999, -999, -999, -999, -999, -999,
19691025, 1800,  , TD, 22.0N,  92.2W,  25, -999, -999, -999, -999, -999, -999, -999, -999, -999, -999, -999, -999, -999,
19691026, 0000,  , TD, 21.4N,  92.6W,  30, -999, -999, -999, -999, -999, -999, -999, -999, -999, -999, -999, -999, -999,
19691026, 0600,  , TD, 20.8N,  92.9W,  30, -999, -999, -999, -999, -999, -999, -999, -999, -999, -999, -999, -999, -999,
19691026, 1200,  , TD, 20.1N,  93.0W,  30, -999, -999, -999, -999, -999, -999, -999, -999, -999, -999, -999, -999, -999,
19691026, 1800,  , TD, 19.4N,  93.0W,  30, 1006, -999, -999, -999, -999, -999, -999, -999, -999, -999, -999, -999, -999,
19691027, 0000,  , TD, 18.7N,  93.1W,  25, -999, -999, -999, -999, -999, -999, -999, -999, -999, -999, -999, -999, -999,
19691027, 0600,  , TD, 18.0N,  93.1W,  20, -999, -999, -999, -999, -999, -999, -999, -999, -999, -999, -999, -999, -999,
