AL091972,            UNNAMED,      9,
date, time, special, type, lat, lon, wind, pressure, size351, size352, size353, size354, size501, size502, size503, size504, size641, size642, size643, size644,
19720816, 1200,  , TD, 14.0N,  17.0W,  20, -999, -999, -999, -999, -999, -999, -999, -999, -999, -999, -999, -999, -999,
19720816, 1800,  , TD, 14.2N,  18.4W,  20, -999, -999, -999, -999, -999, -999, -999, -999, -999, -999, -999, -999, -999,
19720817, 0000,  , TD, 14.5N,  19.8W,  25, -999, -999, -999, -999, -999, -999, -999, -999, -999, -999, -999, -999, -999,
19720817, 0600,  , TD, 14.7N,  21.1W,  25, -999, -999, -999, -999, -999, -999, -999, -999, -999, -999, -999, -999, -999,
19720817, 1200,  , TD, 15.0N,  22.5W,  25, -999, -999, -999, -999, -999, -999, -999, -999, -999, -999, -999, -999, -999,
19720817, 1800,  , TD, 15.0N,  23.7W,  25, -999, -999, -999, -999, -999, -999, -999, -999, -999, -999, -999, -999, -999,
19720818, 0000,  , TD, 15.0N,  25.0W,  25, -999, -999, -999, -999, -999, -999, -999, -999, -999, -999, -999, -999, -999,
19720818, 0600,  , TD, 15.0N,  26.2W,  20, -999, -999, -999, -999, -999, -999, -999, -999, -999, -999, -999, -999, -999,
19720818, 1200,  , TD, 15.0N,  27.5W,  20, -999, -999, -999, -999, -999, -999, -999, -999, -999, -999, -999, -999, -999,
