AL201967,            UNNAMED,      9,
date, time, special, type, lat, lon, wind, pressure, size351, size352, size353, size354, size501, size502, size503, size504, size641, size642, size643, size644,
19671003, 1200,  , TD, 13.0N,  17.1W, -99, -999, -999, -999, -999, -999, -999, -999, -999, -999, -999, -999, -999, -999,
19671003, 1800,  , TD, 13.0N,  18.2W, -99, -999, -999, -999, -999, -999, -999, -999, -999, -999, -999, -999, -999, -999,
19671004, 0000,  , TD, 13.0N,  19.6W, -99, -999, -999, -999, -999, -999, -999, -999, -999, -999, -999, -999, -999, -999,
19671004, 0600,  , TD, 13.0N,  20.9W, -99, -999, -999, -999, -999, -999, -999, -999, -999, -999, -999, -999, -999, -999,
19671004, 1200,  , TD, 13.0N,  22.0W, -99, -999, -999, -999, -999, -999, -999, -999, -999, -999, -999, -999, -999, -999,
19671004, 1800,  , TD, 13.0N,  23.1W, -99, -999, -999, -999, -999, -999, -999, -999, -999, -999, -999, -999, -999, -999,
19671005, 0000,  , TD, 13.0N,  24.5W, -99, -999, -999, -999, -999, -999, -999, -999, -999, -999, -999, -999, -999, -999,
19671005, 0600,  , TD, 13.0N,  25.7W, -99, -999, -999, -999, -999, -999, -999, -999, -999, -999, -999, -999, -999, -999,
19671005, 1200,  , TD, 13.0N,  27.0W, -99, -999, -999, -999, -999, -999, -999, -999, -999, -999, -999, -999, -999, -999,
