AL051964,               CLEO,     64,
date, time, special, type, lat, lon, wind, pressure, size351, size352, size353, size354, size501, size502, size503, size504, size641, size642, size643, size644,
19640820, 1800,  , TD, 13.1N,  44.3W,  30, 1003, -999, -999, -999, -999, -999, -999, -999, -999, -999, -999, -999, -999,
19640821, 0000,  , TS, 13.4N,  46.8W,  35, -999, -999, -999, -999, -999, -999, -999, -999, -999, -999, -999, -999, -999,
19640821, 0600,  , TS, 13.7N,  49.1W,  40, 1000, -999, -999, -999, -999, -999, -999, -999, -999, -999, -999, -999, -999,
19640821, 1200,  , HU, 14.1N,  51.3W,  65, -999, -999, -999, -999, -999, -999, -999, -999, -999, -999, -999, -999, -999,
19640821, 1800,  , HU, 14.4N,  53.5W,  70,  993, -999, -999, -999, -999, -999, -999, -999, -999, -999, -999, -999, -999,
19640822, 0000,  , HU, 14.9N,  55.7W,  75,  993, -999, -999, -999, -999, -999, -999, -999, -999, -999, -999, -999, -999,
19640822, 0600,  , HU, 15.3N,  57.8W, 100, -999, -999, -999, -999, -999, -999, -999, -999, -999, -999, -999, -999, -999,
19640822, 1200,  , HU, 15.7N,  59.7W, 110,  970, -999, -999, -999, -999, -999, -999, -999, -999, -999, -999, -999, -999,
19640822, 1800,  , HU, 16.0N,  61.9W, 115,  962, -999, -999, -999, -999, -999, -999, -999, -999, -999, -999, -999, -999,
19640823, 0000,  , HU, 16.2N,  63.4W, 120,  955, -999, -999, -999, -999, -999, -999, -999, -999, -999, -999, -999, -999,
19640823, 0600,  , HU, 16.3N,  65.0W, 125, -999, -999, -999, -999, -999, -999, -999, -999, -999, -999, -999, -999, -999,
19640823, 1200,  , HU, 16.5N,  66.6W, 130, -999, -999, -999, -999, -999, -999, -999, -999, -999, -999, -999, -999, -999,
19640823, 1800,  , HU, 16.7N,  68.0W, 135,  950, -999, -999, -999, -999, -999, -999, -999, -999, -999, -999, -999, -999,
19640824, 0000,  , HU, 16.7N,  69.5W, 135,  950, -999, -999, -999, -999, -999, -999, -999, -999, -999, -999, -999, -999,
19640824, 0600,  , HU, 16.9N,  70.6W, 135, -999, -999, -999, -999, -999, -999, -999, -999, -999, -999, -999, -999, -999,
19640824, 1200,  , HU, 17.1N,  71.8W, 135, -999, -999, -999, -999, -999, -999, -999, -999, -999, -999, -999, -999, -999,
19640824, 1800,  , HU, 17.8N,  73.1W, 130, -999, -999, -999, -999, -999, -999, -999, -999, -999, -999, -999, -999, -999,
19640825, 0000,  , HU, 18.4N,  74.6W, 130, -999, -999, -999, -999, -999, -999, -999, -999, -999, -999, -999, -999, -999,
19640825, 0600,  , HU, 18.9N,  75.6W, 125, -999, -999, -999, -999, -999, -999, -999, -999, -999, -999, -999, -999, -999,
19640825, 1200,  , HU, 19.4N,  76.6W, 100, -999, -999, -999, -999, -999, -999, -999, -999, -999, -999, -999, -999, -999,
19640825, 1800,  , HU, 20.0N,  77.6W,  70, -999, -999, -999, -999, -999, -999, -999, -999, -999, -999, -999, -999, -999,
19640826, 0000,  , HU, 20.8N,  78.4W,  65, -999, -999, -999, -999, -999, -999, -999, -999, -999, -999, -999, -999, -999,
19640826, 0600,  , HU, 21.5N,  78.9W,  65, -999, -999, -999, -999, -999, -999, -999, -999, -999, -999, -999, -999, -999,
19640826, 1200,  , HU, 22.4N,  79.2W,  65, -999, -999, -999, -999, -999, -999, -999, -999, -999, -999, -999, -999, -999,
19640826, 1800,  , HU, 23.7N,  79.6W,  80,  987, -999, -999, -999, -999, -999, -999, -999, -999, -999, -999, -999, -999,
19640827, 0000,  , HU, 24.6N,  79.6W,  90,  984, -999, -999, -999, -999, -999, -999, -999, -999, -999, -999, -999, -999,
19640827, 0600,  , HU, 25.5N,  79.9W,  90,  968, -999, -999, -999, -999, -999, -999, -999, -999, -999, -999, -999, -999,
19640827, 1200,  , HU, 26.3N,  80.2W,  85,  971, -999, -999, -999, -999, -999, -999, -999, -999, -999, -999, -999, -999,
19640827, 1800,  , HU, 27.2N,  80.6W,  75, -999, -999, -999, -999, -999, -999, -999, -999, -999, -999, -999, -999, -999,
19640828, 0000,  , TS, 27.8N,  80.7W,  60,  983, -999, -999, -999, -999, -999, -999, -999, -999, -999, -999, -999, -999,
19640828, 0600,  , TS, 28.4N,  80.9W,  60, -999, -999, -999, -999, -999, -999, -999, -999, -999, -999, -999, -999, -999,
19640828, 1200,  , TS, 29.5N,  81.2W,  55, -999, -999, -999, -999, -999, -999, -999, -999, -999, -999, -999, -999, -999,
19640828, 1800,  , TS, 30.2N,  81.3W,  50,  995, -999, -999, -999, -999, -999, -999, -999, -999, -999, -999, -999, -999,
19640829, 0000,  , TS, 30.8N,  81.3W,  45,  999, -999, -999, -999, -999, -999, -999, -999, -999, -999, -999, -999, -999,
19640829, 0600,  , TS, 31.4N,  81.3W,  40, -999, -999, -999, -999, -999, -999, -999, -999, -999, -999, -999, -999, -999,
19640829, 1200,  , TS, 32.0N,  81.4W,  35, -999, -999, -999, -999, -999, -999, -999, -999, -999, -999, -999, -999, -999,
19640829, 1800,  , TD, 32.4N,  81.6W,  30, -999, -999, -999, -999, -999, -999, -999, -999, -999, -999, -999, -999, -999,
19640830, 0000,  , TD, 32.9N,  81.9W,  30, -999, -999, -999, -999, -999, -999, -999, -999, -999, -999, -999, -999, -999,
19640830, 0600,  , TD, 33.3N,  82.1W,  30, -999, -999, -999, -999, -999, -999, -999, -999, -999, -999, -999, -999, -999,
19640830, 1200,  , TD, 34.0N,  82.0W,  25, -999, -999, -999, -999, -999, -999, -999, -999, -999, -999, -999, -999, -999,
19640830, 1800,  , TD, 34.6N,  81.5W,  25, -999, -999, -999, -999, -999, -999, -999, -999, -999, -999, -999, -999, -999,
19640831, 0000,  , TD, 35.1N,  81.1W,  25, -999, -999, -999, -999, -999, -999, -999, -999, -999, -999, -999, -999, -999,
19640831, 0600,  , TD, 35.6N,  80.3W,  25, -999, -999, -999, -999, -999, -999, -999, -999, -999, -999, -999, -999, -999,
19640831, 1200,  , TD, 36.0N,  79.5W,  25, -999, -999, -999, -999, -999, -999, -999, -999, -999, -999, -999, -999, -999,
19640831, 1800,  , TD, 36.3N,  78.3W,  30, -999, -999, -999, -999, -999, -999, -999, -999, -999, -999, -999, -999, -999,
19640901, 0000,  , TD, 36.5N,  77.0W,  30, -999, -999, -999, -999, -999, -999, -999, -999, -999, -999, -999, -999, -999,
19640901, 0600,  , TS, 36.3N,  76.0W,  35, -999, -999, -999, -999, -999, -999, -999, -999, -999, -999, -999, -999, -999,
19640901, 1200,  , TS, 35.8N,  75.2W,  40, -999, -999, -999, -999, -999, -999, -999, -999, -999, -999, -999, -999, -999,
19640901, 1800,  , TS, 35.3N,  74.2W,  45, -999, -999, -999, -999, -999, -999, -999, -999, -999, -999, -999, -999, -999,
19640902, 0000,  , TS, 35.0N,  73.2W,  55, -999, -999, -999, -999, -999, -999, -999, -999, -999, -999, -999, -999, -999,
19640902, 0600,  , TS, 35.2N,  72.1W,  60, -999, -999, -999, -999, -999, -999, -999, -999, -999, -999, -999, -999, -999,
19640902, 1200,  , HU, 35.4N,  71.1W,  65,  980, -999, -999, -999, -999, -999, -999, -999, -999, -999, -999, -999, -999,
19640902, 1800,  , HU, 35.8N,  69.1W,  70, -999, -999, -999, -999, -999, -999, -999, -999, -999, -999, -999, -999, -999,
19640903, 0000,  , HU, 35.9N,  67.5W,  70, -999, -999, -999, -999, -999, -999, -999, -999, -999, -999, -999, -999, -999,
19640903, 0600,  , HU, 36.5N,  65.4W,  70,  980, -999, -999, -999, -999, -999, -999, -999, -999, -999, -999, -999, -999,
19640903, 1200,  , HU, 37.1N,  63.5W,  70,  983, -999, -999, -999, -999, -999, -999, -999, -999, -999, -999, -999, -999,
19640903, 1800,  , HU, 37.8N,  61.0W,  70,  982, -999, -999, -999, -999, -999, -999, -999, -999, -999, -999, -999, -999,
19640904, 0000,  , HU, 38.7N,  56.9W,  75, -999, -999, -999, -999, -999, -999, -999, -999, -999, -999, -999, -999, -999,
19640904, 0600,  , HU, 41.0N,  53.0W,  75, -999, -999, -999, -999, -999, -999, -999, -999, -999, -999, -999, -999, -999,
19640904, 1200,  , HU, 44.7N,  50.5W,  75,  970, -999, -999, -999, -999, -999, -999, -999, -999, -999, -999, -999, -999,
19640904, 1800,  , HU, 46.9N,  49.8W,  70, -999, -999, -999, -999, -999, -999, -999, -999, -999, -999, -999, -999, -999,
19640905, 0000,  , HU, 48.8N,  49.5W,  65, -999, -999, -999, -999, -999, -999, -999, -999, -999, -999, -999, -999, -999,
19640905, 0600,  , HU, 51.3N,  48.8W,  65, -999, -999, -999, -999, -999, -999, -999, -999, -999, -999, -999, -999, -999,
19640905, 1200,  , TS, 53.5N,  48.0W,  60, -999, -999, -999, -999, -999, -999, -999, -999, -999, -999, -999, -999, -999,
