AL031965,              BETSY,     69,
date, time, special, type, lat, lon, wind, pressure, size351, size352, size353, size354, size501, size502, size503, size504, size641, size642, size643, size644,
19650827, 0000,  , TD, 10.9N,  50.5W,  25, -999, -999, -999, -999, -999, -999, -999, -999, -999, -999, -999, -999, -999,
19650827, 0600,  , TD, 11.1N,  52.1W,  30, -999, -999, -999, -999, -999, -999, -999, -999, -999, -999, -999, -999, -999,
19650827, 1200,  , TD, 11.4N,  53.5W,  30, -999, -999, -999, -999, -999, -999, -999, -999, -999, -999, -999, -999, -999,
19650827, 1800,  , TD, 11.6N,  54.5W,  30, 1007, -999, -999, -999, -999, -999, -999, -999, -999, -999, -999, -999, -999,
19650828, 0000,  , TD, 12.0N,  55.8W,  30, -999, -999, -999, -999, -999, -999, -999, -999, -999, -999, -999, -999, -999,
19650828, 0600,  , TD, 13.0N,  57.8W,  30, -999, -999, -999, -999, -999, -999, -999, -999, -999, -999, -999, -999, -999,
19650828, 1200,  , TD, 14.0N,  59.8W,  30, 1010, -999, -999, -999, -999, -999, -999, -999, -999, -999, -999, -999, -999,
19650828, 1800,  , TD, 15.3N,  61.4W,  30, -999, -999, -999, -999, -999, -999, -999, -999, -999, -999, -999, -999, -999,
19650829, 0000,  , TD, 16.2N,  62.1W,  30, 1010, -999, -999, -999, -999, -999, -999, -999, -999, -999, -999, -999, -999,
19650829, 0600,  , TD, 17.4N,  62.6W,  30, -999, -999, -999, -999, -999, -999, -999, -999, -999, -999, -999, -999, -999,
19650829, 1200,  , TS, 19.2N,  63.4W,  35, 1007, -999, -999, -999, -999, -999, -999, -999, -999, -999, -999, -999, -999,
19650829, 1800,  , TS, 20.5N,  64.3W,  40,  997, -999, -999, -999, -999, -999, -999, -999, -999, -999, -999, -999, -999,
19650830, 0000,  , HU, 21.2N,  64.7W,  65, -999, -999, -999, -999, -999, -999, -999, -999, -999, -999, -999, -999, -999,
19650830, 0600,  , HU, 21.8N,  65.1W,  65, -999, -999, -999, -999, -999, -999, -999, -999, -999, -999, -999, -999, -999,
19650830, 1200,  , HU, 22.4N,  65.5W,  65, -999, -999, -999, -999, -999, -999, -999, -999, -999, -999, -999, -999, -999,
19650830, 1800,  , HU, 22.6N,  65.6W,  65, 1002, -999, -999, -999, -999, -999, -999, -999, -999, -999, -999, -999, -999,
19650831, 0000,  , HU, 22.7N,  65.7W,  65,  994, -999, -999, -999, -999, -999, -999, -999, -999, -999, -999, -999, -999,
19650831, 0600,  , HU, 22.7N,  65.8W,  65,  990, -999, -999, -999, -999, -999, -999, -999, -999, -999, -999, -999, -999,
19650831, 1200,  , HU, 22.5N,  66.1W,  70, -999, -999, -999, -999, -999, -999, -999, -999, -999, -999, -999, -999, -999,
19650831, 1800,  , HU, 22.5N,  66.0W,  70,  984, -999, -999, -999, -999, -999, -999, -999, -999, -999, -999, -999, -999,
19650901, 0000,  , HU, 22.5N,  66.1W,  75, -999, -999, -999, -999, -999, -999, -999, -999, -999, -999, -999, -999, -999,
19650901, 0600,  , HU, 22.3N,  66.6W,  75,  980, -999, -999, -999, -999, -999, -999, -999, -999, -999, -999, -999, -999,
19650901, 1200,  , HU, 22.2N,  67.5W,  80,  988, -999, -999, -999, -999, -999, -999, -999, -999, -999, -999, -999, -999,
19650901, 1800,  , HU, 22.3N,  68.0W,  70,  987, -999, -999, -999, -999, -999, -999, -999, -999, -999, -999, -999, -999,
19650902, 0000,  , HU, 22.5N,  68.5W,  80,  970, -999, -999, -999, -999, -999, -999, -999, -999, -999, -999, -999, -999,
19650902, 0600,  , HU, 22.6N,  69.3W,  90, -999, -999, -999, -999, -999, -999, -999, -999, -999, -999, -999, -999, -999,
19650902, 1200,  , HU, 22.8N,  70.2W, 105,  942, -999, -999, -999, -999, -999, -999, -999, -999, -999, -999, -999, -999,
19650902, 1800,  , HU, 23.4N,  70.9W, 105,  945, -999, -999, -999, -999, -999, -999, -999, -999, -999, -999, -999, -999,
19650903, 0000,  , HU, 24.1N,  71.3W, 110, -999, -999, -999, -999, -999, -999, -999, -999, -999, -999, -999, -999, -999,
19650903, 0600,  , HU, 24.7N,  72.1W, 110, -999, -999, -999, -999, -999, -999, -999, -999, -999, -999, -999, -999, -999,
19650903, 1200,  , HU, 25.3N,  72.9W, 110,  955, -999, -999, -999, -999, -999, -999, -999, -999, -999, -999, -999, -999,
19650903, 1800,  , HU, 26.3N,  73.7W, 115,  950, -999, -999, -999, -999, -999, -999, -999, -999, -999, -999, -999, -999,
19650904, 0000,  , HU, 26.9N,  74.3W, 120,  951, -999, -999, -999, -999, -999, -999, -999, -999, -999, -999, -999, -999,
19650904, 0600,  , HU, 27.3N,  74.7W, 120,  946, -999, -999, -999, -999, -999, -999, -999, -999, -999, -999, -999, -999,
19650904, 1200,  , HU, 28.1N,  75.3W, 120,  951, -999, -999, -999, -999, -999, -999, -999, -999, -999, -999, -999, -999,
19650904, 1800,  , HU, 28.6N,  75.6W, 115,  946, -999, -999, -999, -999, -999, -999, -999, -999, -999, -999, -999, -999,
19650905, 0000,  , HU, 28.8N,  75.4W, 110,  943, -999, -999, -999, -999, -999, -999, -999, -999, -999, -999, -999, -999,
19650905, 0600,  , HU, 29.0N,  75.3W, 110,  954, -999, -999, -999, -999, -999, -999, -999, -999, -999, -999, -999, -999,
19650905, 1200,  , HU, 29.0N,  75.3W, 105,  952, -999, -999, -999, -999, -999, -999, -999, -999, -999, -999, -999, -999,
19650905, 1800,  , HU, 28.6N,  75.4W, 100,  968, -999, -999, -999, -999, -999, -999, -999, -999, -999, -999, -999, -999,
19650906, 0000,  , HU, 28.0N,  75.4W,  95,  973, -999, -999, -999, -999, -999, -999, -999, -999, -999, -999, -999, -999,
19650906, 0600,  , HU, 27.5N,  75.8W, 100,  968, -999, -999, -999, -999, -999, -999, -999, -999, -999, -999, -999, -999,
19650906, 1200,  , HU, 26.9N,  76.3W, 100,  966, -999, -999, -999, -999, -999, -999, -999, -999, -999, -999, -999, -999,
19650906, 1800,  , HU, 26.2N,  76.5W, 100, -999, -999, -999, -999, -999, -999, -999, -999, -999, -999, -999, -999, -999,
19650907, 0000,  , HU, 25.8N,  76.7W, 100,  956, -999, -999, -999, -999, -999, -999, -999, -999, -999, -999, -999, -999,
19650907, 0600,  , HU, 25.6N,  76.9W, 105,  956, -999, -999, -999, -999, -999, -999, -999, -999, -999, -999, -999, -999,
19650907, 1200,  , HU, 25.3N,  77.2W, 110,  957, -999, -999, -999, -999, -999, -999, -999, -999, -999, -999, -999, -999,
19650907, 1800,  , HU, 25.3N,  77.9W, 110,  952, -999, -999, -999, -999, -999, -999, -999, -999, -999, -999, -999, -999,
19650908, 0000,  , HU, 25.2N,  78.5W, 110,  961, -999, -999, -999, -999, -999, -999, -999, -999, -999, -999, -999, -999,
19650908, 0600,  , HU, 25.1N,  79.5W, 110,  954, -999, -999, -999, -999, -999, -999, -999, -999, -999, -999, -999, -999,
19650908, 1200,  , HU, 25.1N,  80.7W, 110,  952, -999, -999, -999, -999, -999, -999, -999, -999, -999, -999, -999, -999,
19650908, 1800,  , HU, 25.3N,  82.2W, 105,  948, -999, -999, -999, -999, -999, -999, -999, -999, -999, -999, -999, -999,
19650909, 0000,  , HU, 25.5N,  83.6W, 110, -999, -999, -999, -999, -999, -999, -999, -999, -999, -999, -999, -999, -999,
19650909, 0600,  , HU, 25.9N,  85.3W, 115, -999, -999, -999, -999, -999, -999, -999, -999, -999, -999, -999, -999, -999,
19650909, 1200,  , HU, 26.4N,  86.9W, 120,  951, -999, -999, -999, -999, -999, -999, -999, -999, -999, -999, -999, -999,
19650909, 1800,  , HU, 27.3N,  88.1W, 125,  953, -999, -999, -999, -999, -999, -999, -999, -999, -999, -999, -999, -999,
19650910, 0000,  , HU, 28.3N,  89.2W, 135,  941, -999, -999, -999, -999, -999, -999, -999, -999, -999, -999, -999, -999,
19650910, 0600,  , HU, 29.6N,  90.7W,  90,  948, -999, -999, -999, -999, -999, -999, -999, -999, -999, -999, -999, -999,
19650910, 1200,  , HU, 30.8N,  91.8W,  65,  965, -999, -999, -999, -999, -999, -999, -999, -999, -999, -999, -999, -999,
19650910, 1800,  , TS, 32.3N,  92.0W,  55, -999, -999, -999, -999, -999, -999, -999, -999, -999, -999, -999, -999, -999,
19650911, 0000,  , TS, 33.0N,  92.0W,  35, -999, -999, -999, -999, -999, -999, -999, -999, -999, -999, -999, -999, -999,
19650911, 0600,  , TD, 34.0N,  91.5W,  30, -999, -999, -999, -999, -999, -999, -999, -999, -999, -999, -999, -999, -999,
19650911, 1200,  , TD, 34.6N,  91.0W,  30, -999, -999, -999, -999, -999, -999, -999, -999, -999, -999, -999, -999, -999,
19650911, 1800,  , TD, 35.5N,  90.2W,  25, -999, -999, -999, -999, -999, -999, -999, -999, -999, -999, -999, -999, -999,
19650912, 0000,  , TD, 36.3N,  88.4W,  20, -999, -999, -999, -999, -999, -999, -999, -999, -999, -999, -999, -999, -999,
19650912, 0600,  , TD, 37.0N,  87.5W,  20, -999, -999, -999, -999, -999, -999, -999, -999, -999, -999, -999, -999, -999,
19650912, 1200,  , EX, 38.0N,  86.5W,  20, -999, -999, -999, -999, -999, -999, -999, -999, -999, -999, -999, -999, -999,
19650912, 1800,  , EX, 39.0N,  85.0W,  20, -999, -999, -999, -999, -999, -999, -999, -999, -999, -999, -999, -999, -999,
19650913, 0000,  , EX, 39.0N,  83.0W,  20, -999, -999, -999, -999, -999, -999, -999, -999, -999, -999, -999, -999, -999,
