AL041965,              CAROL,     63,
date, time, special, type, lat, lon, wind, pressure, size351, size352, size353, size354, size501, size502, size503, size504, size641, size642, size643, size644,
19650916, 0600,  , TD, 13.3N,  20.1W,  25, -999, -999, -999, -999, -999, -999, -999, -999, -999, -999, -999, -999, -999,
19650916, 1200,  , TD, 13.0N,  22.0W,  25, -999, -999, -999, -999, -999, -999, -999, -999, -999, -999, -999, -999, -999,
19650916, 1800,  , TD, 12.7N,  23.8W,  25, -999, -999, -999, -999, -999, -999, -999, -999, -999, -999, -999, -999, -999,
19650917, 0000,  , TD, 12.5N,  25.6W,  25, -999, -999, -999, -999, -999, -999, -999, -999, -999, -999, -999, -999, -999,
19650917, 0600,  , TD, 12.3N,  27.4W,  25, -999, -999, -999, -999, -999, -999, -999, -999, -999, -999, -999, -999, -999,
19650917, 1200,  , TD, 12.3N,  29.2W,  30, -999, -999, -999, -999, -999, -999, -999, -999, -999, -999, -999, -999, -999,
19650917, 1800,  , TS, 12.4N,  30.7W,  35, -999, -999, -999, -999, -999, -999, -999, -999, -999, -999, -999, -999, -999,
19650918, 0000,  , TS, 12.6N,  31.9W,  40, -999, -999, -999, -999, -999, -999, -999, -999, -999, -999, -999, -999, -999,
19650918, 0600,  , TS, 12.9N,  33.1W,  40, -999, -999, -999, -999, -999, -999, -999, -999, -999, -999, -999, -999, -999,
19650918, 1200,  , TS, 13.2N,  34.3W,  40, -999, -999, -999, -999, -999, -999, -999, -999, -999, -999, -999, -999, -999,
19650918, 1800,  , TS, 13.5N,  35.6W,  40, -999, -999, -999, -999, -999, -999, -999, -999, -999, -999, -999, -999, -999,
19650919, 0000,  , TS, 14.0N,  36.8W,  40, -999, -999, -999, -999, -999, -999, -999, -999, -999, -999, -999, -999, -999,
19650919, 0600,  , TS, 14.8N,  37.9W,  40, -999, -999, -999, -999, -999, -999, -999, -999, -999, -999, -999, -999, -999,
19650919, 1200,  , TS, 15.5N,  38.7W,  40, -999, -999, -999, -999, -999, -999, -999, -999, -999, -999, -999, -999, -999,
19650919, 1800,  , TS, 16.3N,  39.2W,  40, -999, -999, -999, -999, -999, -999, -999, -999, -999, -999, -999, -999, -999,
19650920, 0000,  , TS, 17.0N,  39.6W,  45, -999, -999, -999, -999, -999, -999, -999, -999, -999, -999, -999, -999, -999,
19650920, 0600,  , TS, 17.9N,  40.0W,  50, -999, -999, -999, -999, -999, -999, -999, -999, -999, -999, -999, -999, -999,
19650920, 1200,  , TS, 18.9N,  40.3W,  55, -999, -999, -999, -999, -999, -999, -999, -999, -999, -999, -999, -999, -999,
19650920, 1800,  , HU, 19.7N,  40.6W,  65, -999, -999, -999, -999, -999, -999, -999, -999, -999, -999, -999, -999, -999,
19650921, 0000,  , HU, 20.4N,  40.8W,  65, -999, -999, -999, -999, -999, -999, -999, -999, -999, -999, -999, -999, -999,
19650921, 0600,  , HU, 21.5N,  40.9W,  65,  974, -999, -999, -999, -999, -999, -999, -999, -999, -999, -999, -999, -999,
19650921, 1200,  , HU, 23.0N,  41.0W,  65,  974, -999, -999, -999, -999, -999, -999, -999, -999, -999, -999, -999, -999,
19650921, 1800,  , HU, 24.9N,  41.1W,  70, -999, -999, -999, -999, -999, -999, -999, -999, -999, -999, -999, -999, -999,
19650922, 0000,  , HU, 26.8N,  41.2W,  75, -999, -999, -999, -999, -999, -999, -999, -999, -999, -999, -999, -999, -999,
19650922, 0600,  , HU, 28.8N,  41.4W,  75, -999, -999, -999, -999, -999, -999, -999, -999, -999, -999, -999, -999, -999,
19650922, 1200,  , HU, 30.8N,  41.8W,  75,  980, -999, -999, -999, -999, -999, -999, -999, -999, -999, -999, -999, -999,
19650922, 1800,  , HU, 32.4N,  42.2W,  75, -999, -999, -999, -999, -999, -999, -999, -999, -999, -999, -999, -999, -999,
19650923, 0000,  , HU, 33.3N,  42.6W,  70,  992, -999, -999, -999, -999, -999, -999, -999, -999, -999, -999, -999, -999,
19650923, 0600,  , HU, 33.9N,  42.9W,  65, -999, -999, -999, -999, -999, -999, -999, -999, -999, -999, -999, -999, -999,
19650923, 1200,  , HU, 34.4N,  43.0W,  65,  988, -999, -999, -999, -999, -999, -999, -999, -999, -999, -999, -999, -999,
19650923, 1800,  , HU, 34.8N,  43.0W,  65, -999, -999, -999, -999, -999, -999, -999, -999, -999, -999, -999, -999, -999,
19650924, 0000,  , HU, 35.1N,  42.9W,  65, -999, -999, -999, -999, -999, -999, -999, -999, -999, -999, -999, -999, -999,
19650924, 0600,  , HU, 35.2N,  42.6W,  65, -999, -999, -999, -999, -999, -999, -999, -999, -999, -999, -999, -999, -999,
19650924, 1200,  , HU, 35.2N,  42.3W,  65, -999, -999, -999, -999, -999, -999, -999, -999, -999, -999, -999, -999, -999,
19650924, 1800,  , HU, 35.1N,  42.0W,  65,  991, -999, -999, -999, -999, -999, -999, -999, -999, -999, -999, -999, -999,
19650925, 0000,  , HU, 34.9N,  41.7W,  65, -999, -999, -999, -999, -999, -999, -999, -999, -999, -999, -999, -999, -999,
19650925, 0600,  , HU, 34.4N,  41.4W,  65, -999, -999, -999, -999, -999, -999, -999, -999, -999, -999, -999, -999, -999,
19650925, 1200,  , HU, 34.0N,  41.1W,  65,  986, -999, -999, -999, -999, -999, -999, -999, -999, -999, -999, -999, -999,
19650925, 1800,  , HU, 33.8N,  41.0W,  65,  986, -999, -999, -999, -999, -999, -999, -999, -999, -999, -999, -999, -999,
19650926, 0000,  , HU, 33.5N,  41.0W,  65,  986, -999, -999, -999, -999, -999, -999, -999, -999, -999, -999, -999, -999,
19650926, 0600,  , HU, 33.3N,  41.0W,  65, -999, -999, -999, -999, -999, -999, -999, -999, -999, -999, -999, -999, -999,
19650926, 1200,  , HU, 33.0N,  41.0W,  65,  998, -999, -999, -999, -999, -999, -999, -999, -999, -999, -999, -999, -999,
19650926, 1800,  , HU, 32.7N,  41.2W,  65, -999, -999, -999, -999, -999, -999, -999, -999, -999, -999, -999, -999, -999,
19650927, 0000,  , HU, 32.6N,  41.5W,  65, -999, -999, -999, -999, -999, -999, -999, -999, -999, -999, -999, -999, -999,
19650927, 0600,  , HU, 32.8N,  41.8W,  65, -999, -999, -999, -999, -999, -999, -999, -999, -999, -999, -999, -999, -999,
19650927, 1200,  , HU, 33.1N,  41.9W,  70, -999, -999, -999, -999, -999, -999, -999, -999, -999, -999, -999, -999, -999,
19650927, 1800,  , HU, 33.4N,  41.9W,  70, -999, -999, -999, -999, -999, -999, -999, -999, -999, -999, -999, -999, -999,
19650928, 0000,  , HU, 33.7N,  41.8W,  70,  992, -999, -999, -999, -999, -999, -999, -999, -999, -999, -999, -999, -999,
19650928, 0600,  , HU, 34.0N,  41.8W,  70, -999, -999, -999, -999, -999, -999, -999, -999, -999, -999, -999, -999, -999,
19650928, 1200,  , HU, 34.6N,  41.7W,  70, -999, -999, -999, -999, -999, -999, -999, -999, -999, -999, -999, -999, -999,
19650928, 1800,  , HU, 35.6N,  40.9W,  70,  988, -999, -999, -999, -999, -999, -999, -999, -999, -999, -999, -999, -999,
19650929, 0000,  , HU, 36.6N,  39.3W,  75, -999, -999, -999, -999, -999, -999, -999, -999, -999, -999, -999, -999, -999,
19650929, 0600,  , HU, 37.6N,  37.6W,  80, -999, -999, -999, -999, -999, -999, -999, -999, -999, -999, -999, -999, -999,
19650929, 1200,  , HU, 38.7N,  35.4W,  85, -999, -999, -999, -999, -999, -999, -999, -999, -999, -999, -999, -999, -999,
19650929, 1800,  , HU, 40.1N,  32.9W,  80,  984, -999, -999, -999, -999, -999, -999, -999, -999, -999, -999, -999, -999,
19650930, 0000,  , HU, 41.5N,  30.2W,  75, -999, -999, -999, -999, -999, -999, -999, -999, -999, -999, -999, -999, -999,
19650930, 0600,  , HU, 42.7N,  27.4W,  70, -999, -999, -999, -999, -999, -999, -999, -999, -999, -999, -999, -999, -999,
19650930, 1200,  , HU, 42.8N,  24.7W,  70, -999, -999, -999, -999, -999, -999, -999, -999, -999, -999, -999, -999, -999,
19650930, 1800,  , HU, 41.8N,  22.0W,  65, -999, -999, -999, -999, -999, -999, -999, -999, -999, -999, -999, -999, -999,
19651001, 0000,  , HU, 40.7N,  19.7W,  65, -999, -999, -999, -999, -999, -999, -999, -999, -999, -999, -999, -999, -999,
19651001, 0600,  , TS, 39.8N,  17.8W,  45, -999, -999, -999, -999, -999, -999, -999, -999, -999, -999, -999, -999, -999,
19651001, 1200,  , EX, 38.8N,  16.0W,  25, -999, -999, -999, -999, -999, -999, -999, -999, -999, -999, -999, -999, -999,
19651001, 1800,  , EX, 37.6N,  14.2W,  25, -999, -999, -999, -999, -999, -999, -999, -999, -999, -999, -999, -999, -999,
