AL021984,            UNNAMED,      8,
date, time, special, type, lat, lon, wind, pressure, size351, size352, size353, size354, size501, size502, size503, size504, size641, size642, size643, size644,
19840618, 1200,  , TD, 20.5N,  94.0W,  20, -999, -999, -999, -999, -999, -999, -999, -999, -999, -999, -999, -999, -999,
19840618, 1800,  , TD, 20.8N,  94.8W,  20, -999, -999, -999, -999, -999, -999, -999, -999, -999, -999, -999, -999, -999,
19840619, 0000,  , TD, 21.0N,  95.5W,  25, -999, -999, -999, -999, -999, -999, -999, -999, -999, -999, -999, -999, -999,
19840619, 0600,  , TD, 21.2N,  96.2W,  25, -999, -999, -999, -999, -999, -999, -999, -999, -999, -999, -999, -999, -999,
19840619, 1200,  , TD, 21.6N,  96.8W,  30, -999, -999, -999, -999, -999, -999, -999, -999, -999, -999, -999, -999, -999,
19840619, 1800,  , TD, 21.9N,  97.2W,  30, -999, -999, -999, -999, -999, -999, -999, -999, -999, -999, -999, -999, -999,
19840620, 0000,  , TD, 22.1N,  98.0W,  30, -999, -999, -999, -999, -999, -999, -999, -999, -999, -999, -999, -999, -999,
19840620, 0600,  , TD, 22.7N,  98.5W, -99, -999, -999, -999, -999, -999, -999, -999, -999, -999, -999, -999, -999, -999,
