AL151980,            UNNAMED,      9,
date, time, special, type, lat, lon, wind, pressure, size351, size352, size353, size354, size501, size502, size503, size504, size641, size642, size643, size644,
19801016, 0000,  , TD, 16.2N,  85.2W,  20, -999, -999, -999, -999, -999, -999, -999, -999, -999, -999, -999, -999, -999,
19801016, 0600,  , TD, 16.2N,  85.5W,  25, -999, -999, -999, -999, -999, -999, -999, -999, -999, -999, -999, -999, -999,
19801016, 1200,  , TD, 16.2N,  85.9W,  25, -999, -999, -999, -999, -999, -999, -999, -999, -999, -999, -999, -999, -999,
19801016, 1800,  , TD, 16.2N,  86.3W,  25, -999, -999, -999, -999, -999, -999, -999, -999, -999, -999, -999, -999, -999,
19801017, 0000,  , TD, 16.2N,  86.6W,  25, -999, -999, -999, -999, -999, -999, -999, -999, -999, -999, -999, -999, -999,
19801017, 0600,  , TD, 16.2N,  86.8W,  25, -999, -999, -999, -999, -999, -999, -999, -999, -999, -999, -999, -999, -999,
19801017, 1200,  , TD, 16.3N,  87.0W,  25, -999, -999, -999, -999, -999, -999, -999, -999, -999, -999, -999, -999, -999,
19801017, 1800,  , TD, 16.4N,  87.4W,  20, -999, -999, -999, -999, -999, -999, -999, -999, -999, -999, -999, -999, -999,
19801018, 0000,  , TD, 16.5N,  87.8W,  20, -999, -999, -999, -999, -999, -999, -999, -999, -999, -999, -999, -999, -999,
