AL011963,             ARLENE,     43,
date, time, special, type, lat, lon, wind, pressure, size351, size352, size353, size354, size501, size502, size503, size504, size641, size642, size643, size644,
19630731, 1800,  , TD, 11.0N,  39.4W,  25, -999, -999, -999, -999, -999, -999, -999, -999, -999, -999, -999, -999, -999,
19630801, 0000,  , TD, 11.0N,  40.9W,  25, -999, -999, -999, -999, -999, -999, -999, -999, -999, -999, -999, -999, -999,
19630801, 0600,  , TD, 11.1N,  42.2W,  25, -999, -999, -999, -999, -999, -999, -999, -999, -999, -999, -999, -999, -999,
19630801, 1200,  , TD, 11.2N,  43.5W,  25, -999, -999, -999, -999, -999, -999, -999, -999, -999, -999, -999, -999, -999,
19630801, 1800,  , TD, 11.3N,  44.8W,  30, -999, -999, -999, -999, -999, -999, -999, -999, -999, -999, -999, -999, -999,
19630802, 0000,  , TS, 11.5N,  46.0W,  40, -999, -999, -999, -999, -999, -999, -999, -999, -999, -999, -999, -999, -999,
19630802, 0600,  , TS, 12.4N,  47.4W,  50, -999, -999, -999, -999, -999, -999, -999, -999, -999, -999, -999, -999, -999,
19630802, 1200,  , HU, 13.3N,  48.7W,  70, -999, -999, -999, -999, -999, -999, -999, -999, -999, -999, -999, -999, -999,
19630802, 1800,  , HU, 14.3N,  49.9W,  90,  987, -999, -999, -999, -999, -999, -999, -999, -999, -999, -999, -999, -999,
19630803, 0000,  , HU, 14.9N,  50.8W,  80,  996, -999, -999, -999, -999, -999, -999, -999, -999, -999, -999, -999, -999,
19630803, 0600,  , HU, 15.2N,  52.3W,  65, -999, -999, -999, -999, -999, -999, -999, -999, -999, -999, -999, -999, -999,
19630803, 1200,  , HU, 15.5N,  53.9W,  65, 1000, -999, -999, -999, -999, -999, -999, -999, -999, -999, -999, -999, -999,
19630803, 1800,  , HU, 15.9N,  55.3W,  65,  988, -999, -999, -999, -999, -999, -999, -999, -999, -999, -999, -999, -999,
19630804, 0000,  , TS, 16.3N,  56.7W,  50, -999, -999, -999, -999, -999, -999, -999, -999, -999, -999, -999, -999, -999,
19630804, 0600,  , TS, 16.7N,  58.0W,  45, -999, -999, -999, -999, -999, -999, -999, -999, -999, -999, -999, -999, -999,
19630804, 1200,  , TD, 17.4N,  59.2W,  30, 1007, -999, -999, -999, -999, -999, -999, -999, -999, -999, -999, -999, -999,
19630804, 1800,  , TD, 18.2N,  60.3W,  30, -999, -999, -999, -999, -999, -999, -999, -999, -999, -999, -999, -999, -999,
19630805, 0000,  , TD, 19.1N,  61.4W,  30, -999, -999, -999, -999, -999, -999, -999, -999, -999, -999, -999, -999, -999,
19630805, 0600,  , TD, 20.0N,  62.5W,  25, -999, -999, -999, -999, -999, -999, -999, -999, -999, -999, -999, -999, -999,
19630805, 1200,  , TD, 21.0N,  63.6W,  25, 1011, -999, -999, -999, -999, -999, -999, -999, -999, -999, -999, -999, -999,
19630805, 1800,  , TD, 22.0N,  64.6W,  25, -999, -999, -999, -999, -999, -999, -999, -999, -999, -999, -999, -999, -999,
19630806, 0000,  , TD, 22.8N,  65.6W,  25, -999, -999, -999, -999, -999, -999, -999, -999, -999, -999, -999, -999, -999,
19630806, 0600,  , TD, 23.5N,  66.7W,  25, -999, -999, -999, -999, -999, -999, -999, -999, -999, -999, -999, -999, -999,
19630806, 1200,  , TD, 24.0N,  68.0W,  25, 1012, -999, -999, -999, -999, -999, -999, -999, -999, -999, -999, -999, -999,
19630806, 1800,  , TD, 24.4N,  68.8W,  30, -999, -999, -999, -999, -999, -999, -999, -999, -999, -999, -999, -999, -999,
19630807, 0000,  , TD, 25.0N,  69.5W,  30, -999, -999, -999, -999, -999, -999, -999, -999, -999, -999, -999, -999, -999,
19630807, 0600,  , TD, 25.4N,  70.1W,  30, -999, -999, -999, -999, -999, -999, -999, -999, -999, -999, -999, -999, -999,
19630807, 1200,  , TD, 26.0N,  70.3W,  30, -999, -999, -999, -999, -999, -999, -999, -999, -999, -999, -999, -999, -999,
19630807, 1800,  , TD, 26.5N,  70.4W,  30, -999, -999, -999, -999, -999, -999, -999, -999, -999, -999, -999, -999, -999,
19630808, 0000,  , TS, 27.3N,  70.5W,  55, -999, -999, -999, -999, -999, -999, -999, -999, -999, -999, -999, -999, -999,
19630808, 0600,  , TS, 28.0N,  70.1W,  60, -999, -999, -999, -999, -999, -999, -999, -999, -999, -999, -999, -999, -999,
19630808, 1200,  , HU, 28.5N,  69.7W,  65,  981, -999, -999, -999, -999, -999, -999, -999, -999, -999, -999, -999, -999,
19630808, 1800,  , HU, 28.8N,  69.1W,  65,  981, -999, -999, -999, -999, -999, -999, -999, -999, -999, -999, -999, -999,
19630809, 0000,  , HU, 29.3N,  68.5W,  65, -999, -999, -999, -999, -999, -999, -999, -999, -999, -999, -999, -999, -999,
19630809, 0600,  , HU, 30.0N,  67.6W,  70, -999, -999, -999, -999, -999, -999, -999, -999, -999, -999, -999, -999, -999,
19630809, 1200,  , HU, 31.3N,  66.2W,  75,  979, -999, -999, -999, -999, -999, -999, -999, -999, -999, -999, -999, -999,
19630809, 1800,  , HU, 32.8N,  64.0W,  90,  974, -999, -999, -999, -999, -999, -999, -999, -999, -999, -999, -999, -999,
19630810, 0000,  , HU, 34.5N,  61.5W,  90,  969, -999, -999, -999, -999, -999, -999, -999, -999, -999, -999, -999, -999,
19630810, 0600,  , HU, 36.4N,  59.0W,  90, -999, -999, -999, -999, -999, -999, -999, -999, -999, -999, -999, -999, -999,
19630810, 1200,  , HU, 38.0N,  56.1W,  85,  985, -999, -999, -999, -999, -999, -999, -999, -999, -999, -999, -999, -999,
19630810, 1800,  , HU, 40.0N,  54.0W,  80, -999, -999, -999, -999, -999, -999, -999, -999, -999, -999, -999, -999, -999,
19630811, 0000,  , EX, 42.5N,  52.0W,  65, -999, -999, -999, -999, -999, -999, -999, -999, -999, -999, -999, -999, -999,
19630811, 0600,  , EX, 44.8N,  50.1W,  65, -999, -999, -999, -999, -999, -999, -999, -999, -999, -999, -999, -999, -999,
