AL071961,            FRANCES,     41,
date, time, special, type, lat, lon, wind, pressure, size351, size352, size353, size354, size501, size502, size503, size504, size641, size642, size643, size644,
19610930, 0600,  , TD, 16.0N,  57.0W,  30, -999, -999, -999, -999, -999, -999, -999, -999, -999, -999, -999, -999, -999,
19610930, 1200,  , TS, 16.1N,  58.7W,  35, 1007, -999, -999, -999, -999, -999, -999, -999, -999, -999, -999, -999, -999,
19610930, 1800,  , TS, 16.2N,  59.5W,  45, 1006, -999, -999, -999, -999, -999, -999, -999, -999, -999, -999, -999, -999,
19611001, 0000,  , TS, 16.2N,  60.3W,  45, -999, -999, -999, -999, -999, -999, -999, -999, -999, -999, -999, -999, -999,
19611001, 0600,  , TS, 16.2N,  61.1W,  40, -999, -999, -999, -999, -999, -999, -999, -999, -999, -999, -999, -999, -999,
19611001, 1200,  , TS, 16.0N,  62.1W,  40, 1004, -999, -999, -999, -999, -999, -999, -999, -999, -999, -999, -999, -999,
19611001, 1800,  , TS, 15.9N,  63.1W,  40, -999, -999, -999, -999, -999, -999, -999, -999, -999, -999, -999, -999, -999,
19611002, 0000,  , TS, 16.1N,  64.0W,  40, 1010, -999, -999, -999, -999, -999, -999, -999, -999, -999, -999, -999, -999,
19611002, 0600,  , TS, 16.2N,  65.0W,  45, -999, -999, -999, -999, -999, -999, -999, -999, -999, -999, -999, -999, -999,
19611002, 1200,  , TS, 16.4N,  66.1W,  50, 1011, -999, -999, -999, -999, -999, -999, -999, -999, -999, -999, -999, -999,
19611002, 1800,  , TS, 17.0N,  67.1W,  50, 1010, -999, -999, -999, -999, -999, -999, -999, -999, -999, -999, -999, -999,
19611003, 0000,  , TS, 17.8N,  67.9W,  50, -999, -999, -999, -999, -999, -999, -999, -999, -999, -999, -999, -999, -999,
19611003, 0600,  , TS, 18.5N,  68.6W,  50, -999, -999, -999, -999, -999, -999, -999, -999, -999, -999, -999, -999, -999,
19611003, 1200,  , TS, 19.2N,  69.1W,  50, 1010, -999, -999, -999, -999, -999, -999, -999, -999, -999, -999, -999, -999,
19611003, 1800,  , TS, 20.6N,  69.7W,  55, -999, -999, -999, -999, -999, -999, -999, -999, -999, -999, -999, -999, -999,
19611004, 0000,  , TS, 22.0N,  70.3W,  55, 1005, -999, -999, -999, -999, -999, -999, -999, -999, -999, -999, -999, -999,
19611004, 0600,  , TS, 23.0N,  70.7W,  60, -999, -999, -999, -999, -999, -999, -999, -999, -999, -999, -999, -999, -999,
19611004, 1200,  , HU, 24.3N,  71.3W,  65,  999, -999, -999, -999, -999, -999, -999, -999, -999, -999, -999, -999, -999,
19611004, 1800,  , HU, 25.4N,  71.6W,  70, -999, -999, -999, -999, -999, -999, -999, -999, -999, -999, -999, -999, -999,
19611005, 0000,  , HU, 26.9N,  71.2W,  75,  997, -999, -999, -999, -999, -999, -999, -999, -999, -999, -999, -999, -999,
19611005, 0600,  , HU, 27.4N,  71.1W,  80,  991, -999, -999, -999, -999, -999, -999, -999, -999, -999, -999, -999, -999,
19611005, 1200,  , HU, 28.7N,  70.7W,  85,  974, -999, -999, -999, -999, -999, -999, -999, -999, -999, -999, -999, -999,
19611005, 1800,  , HU, 29.2N,  70.3W,  90, -999, -999, -999, -999, -999, -999, -999, -999, -999, -999, -999, -999, -999,
19611006, 0000,  , HU, 30.0N,  69.5W,  95,  960, -999, -999, -999, -999, -999, -999, -999, -999, -999, -999, -999, -999,
19611006, 0600,  , HU, 30.5N,  68.8W, 100, -999, -999, -999, -999, -999, -999, -999, -999, -999, -999, -999, -999, -999,
19611006, 1200,  , HU, 31.2N,  68.2W, 105,  968, -999, -999, -999, -999, -999, -999, -999, -999, -999, -999, -999, -999,
19611006, 1800,  , HU, 32.2N,  67.4W, 105,  954, -999, -999, -999, -999, -999, -999, -999, -999, -999, -999, -999, -999,
19611007, 0000,  , HU, 32.9N,  66.3W, 110,  948, -999, -999, -999, -999, -999, -999, -999, -999, -999, -999, -999, -999,
19611007, 0600,  , HU, 34.0N,  65.1W, 110, -999, -999, -999, -999, -999, -999, -999, -999, -999, -999, -999, -999, -999,
19611007, 1200,  , HU, 35.5N,  64.5W, 110, -999, -999, -999, -999, -999, -999, -999, -999, -999, -999, -999, -999, -999,
19611007, 1800,  , HU, 36.6N,  64.2W, 110, -999, -999, -999, -999, -999, -999, -999, -999, -999, -999, -999, -999, -999,
19611008, 0000,  , HU, 38.5N,  64.2W, 105, -999, -999, -999, -999, -999, -999, -999, -999, -999, -999, -999, -999, -999,
19611008, 0600,  , HU, 39.2N,  64.7W, 100, -999, -999, -999, -999, -999, -999, -999, -999, -999, -999, -999, -999, -999,
19611008, 1200,  , HU, 40.1N,  65.2W,  95, -999, -999, -999, -999, -999, -999, -999, -999, -999, -999, -999, -999, -999,
19611008, 1800,  , HU, 41.2N,  66.0W,  70, -999, -999, -999, -999, -999, -999, -999, -999, -999, -999, -999, -999, -999,
19611009, 0000,  , HU, 42.2N,  66.5W,  65, -999, -999, -999, -999, -999, -999, -999, -999, -999, -999, -999, -999, -999,
19611009, 0600,  , TS, 43.1N,  67.4W,  50, -999, -999, -999, -999, -999, -999, -999, -999, -999, -999, -999, -999, -999,
19611009, 1200,  , EX, 43.5N,  67.8W,  40, -999, -999, -999, -999, -999, -999, -999, -999, -999, -999, -999, -999, -999,
19611009, 1800,  , EX, 44.4N,  65.8W,  40, -999, -999, -999, -999, -999, -999, -999, -999, -999, -999, -999, -999, -999,
19611010, 0000,  , EX, 45.0N,  64.0W,  35, -999, -999, -999, -999, -999, -999, -999, -999, -999, -999, -999, -999, -999,
19611010, 0600,  , EX, 46.0N,  59.2W,  35, -999, -999, -999, -999, -999, -999, -999, -999, -999, -999, -999, -999, -999,
